1412190849 1455135940
1
sift 83
60 86
117 150
137 176
155 188
173 207
168 251
182 239
184 237
206 270
209 286
214 296
221 297
225 334
233 320
271 389
284 446
334 480
357 501
477 562
467 569
611 630
777 702
823 720
939 779
1040 862
1090 998
1231 1318
1249 1353
1333 1654
1504 1947
1520 1953
1551 1862
1524 1958
1493 2094
1483 2228
1600 2089
1610 2193
1635 2215
1737 2184
1682 2310
1676 2334
1924 2103
1753 2460
1771 2469
1767 2499
1790 2504
1824 2572
1822 2596
1828 2609
1880 2560
1859 2654
1874 2702
1868 2740
1922 2792
1985 2879
2003 2919
2029 2963
2074 3123
2065 3161
2088 3124
2058 3202
2108 3209
2118 3189
2169 3133
2135 3184
2146 3225
2113 3272
2156 3236
2196 3190
2159 3249
2182 3233
2198 3246
2191 3324
2261 3319
2244 3504
2484 3692
2518 3681
2564 3688
2589 3664
2603 3648
2546 3745
2581 3755
2611 3800
1412190849 1478884387
1
sift 88
60 75
117 149
137 179
155 187
168 222
173 221
184 242
182 245
206 267
209 277
225 272
214 288
221 290
233 297
271 356
284 352
334 397
357 399
476 445
467 447
777 581
823 615
937 674
939 710
1040 820
1089 938
1231 1117
1249 1130
1268 1147
1447 1356
1504 1440
1520 1442
1493 1480
1524 1448
1551 1499
1600 1515
1610 1517
1635 1570
1737 1582
1676 1636
1682 1632
1753 1707
1771 1697
1767 1723
1790 1750
1824 1772
1822 1781
1828 1804
1859 1790
1839 1833
1874 1834
1924 1818
1868 1894
1922 1914
2003 1975
1985 2005
2029 2013
2018 2126
2067 2105
2088 2124
2074 2154
2108 2127
2065 2193
2118 2148
2134 2161
2135 2164
2113 2223
2058 2314
2146 2212
2156 2203
2196 2159
2182 2178
2159 2225
2169 2227
2198 2254
2191 2274
2261 2248
2244 2376
2316 2307
2289 2330
2291 2346
2484 2496
2518 2562
2546 2549
2581 2554
2564 2576
2589 2567
2611 2608
1412190849 1559768425
1
sift 70
117 94
184 128
182 131
214 173
221 175
233 177
225 225
271 214
334 241
284 303
467 292
823 358
777 403
937 389
1040 502
1089 603
1249 685
1375 812
1493 1092
1520 1154
1551 1217
1635 1242
1737 1156
1676 1338
1682 1329
1753 1397
1771 1418
1767 1478
1782 1463
1790 1489
1828 1533
1822 1594
1924 1480
1617 2273
1880 1644
1874 1663
1868 1694
1859 1729
1824 1924
1922 1768
2003 1958
2108 2058
1985 2394
2029 2289
1964 2572
2065 2253
2074 2251
2118 2198
2088 2335
2146 2250
2169 2249
2156 2287
2113 2353
2159 2347
2196 2350
2198 2348
2191 2489
2135 2637
2289 2381
2244 2495
2261 2473
2273 2644
2369 2549
2546 2967
2518 3049
2484 3139
2603 3078
2564 3273
2626 3311
2611 3383
1412190849 1625282765
1
sift 67
117 155
137 182
182 279
184 287
209 278
206 305
285 341
334 382
357 389
467 426
476 431
611 510
777 565
937 642
939 648
1040 740
1089 861
1231 1014
1249 1041
1447 1237
1520 1249
1504 1310
1493 1360
1483 1371
1524 1307
1610 1281
1635 1438
1676 1530
1682 1539
1737 1517
1753 1600
1771 1611
1767 1614
1782 1623
1822 1669
1828 1675
1880 1640
1859 1698
1824 1809
1874 1731
1924 1689
1868 1802
1922 1817
1985 1972
2004 1974
2029 2045
2108 2053
2074 2155
2088 2163
2118 2119
2156 2213
2135 2261
2169 2220
2196 2180
2113 2396
2198 2249
2182 2312
2261 2345
2058 2890
2191 2652
2316 2467
2484 2961
2518 2993
2589 2930
2564 3012
2581 2983
2611 3086
1412190849 1642236225
1
sift 85
60 90
117 152
137 190
184 246
182 269
221 262
206 284
209 300
233 295
225 347
284 416
271 447
334 457
357 476
467 538
777 676
823 683
937 754
939 760
1040 869
1089 972
1354 921
1231 1259
1249 1308
1268 1327
1447 1670
1504 1815
1493 1873
1520 1829
1524 1834
1483 1954
1551 1884
1610 1842
1600 1920
1635 2001
1737 2008
1676 2079
1683 2087
1753 2169
1771 2146
1767 2165
1782 2176
1790 2185
1828 2248
1822 2270
1880 2228
1874 2291
1824 2338
1859 2316
1924 2255
1868 2326
1922 2348
2234 2076
1964 2359
2003 2391
1985 2430
2029 2477
2108 2475
2065 2524
2088 2515
2074 2533
2118 2552
2058 2613
2134 2566
2113 2599
2156 2580
2182 2556
2196 2561
2146 2600
2135 2609
2169 2592
2159 2607
2198 2590
2191 2631
2261 2645
2289 2634
2316 2641
2291 2650
2244 2692
2484 2773
2546 2768
2518 2800
2603 2792
2611 2797
2581 2824
1412190849 1868875671
1
sift 88
60 71
2110 1068
117 127
137 154
155 161
168 179
173 183
182 194
184 191
206 200
209 202
221 210
225 209
271 236
284 227
334 255
357 259
467 293
476 289
777 344
823 370
937 409
939 412
1040 497
1089 567
1231 732
1249 748
1447 937
1504 1006
1520 1015
1524 1011
1493 1049
1483 1064
1551 1039
1610 1013
1600 1063
1635 1106
1737 1111
1676 1153
1682 1159
1753 1209
1767 1226
1771 1235
1790 1232
1822 1256
1828 1263
1824 1279
1839 1274
1859 1284
1874 1291
1868 1308
1924 1268
1922 1339
1964 1318
1985 1375
2003 1399
2029 1426
2018 1445
2065 1457
2108 1437
2074 1459
2088 1485
2118 1473
2134 1490
2159 1492
2135 1507
2169 1497
2113 1520
2156 1502
2146 1513
2182 1496
2058 1587
2198 1503
2196 1518
2191 1549
2261 1528
2289 1530
2244 1575
2316 1546
2291 1564
2369 1580
2484 1648
2518 1688
2564 1672
2546 1698
2603 1682
2611 1676
2589 1710
1412190849 2004098830
1
sift 86
60 69
117 122
137 141
155 158
168 173
173 175
184 185
182 190
206 199
209 207
214 212
221 213
225 214
271 260
284 253
334 279
357 283
467 299
476 298
611 321
777 355
823 368
937 401
939 403
1040 462
1089 510
1231 621
1323 920
1447 811
1504 867
1520 866
1493 894
1551 846
1524 874
1600 912
1610 914
1635 967
1737 960
1676 1042
1682 1046
1753 1114
1771 1104
1767 1132
1781 1135
1790 1145
1822 1185
1824 1198
1828 1202
1859 1174
1874 1218
1880 1217
1868 1232
1924 1263
1922 1278
1964 1351
1985 1361
2003 1357
2029 1387
2088 1437
2065 1469
2074 1457
2108 1434
2118 1484
2113 1500
2135 1490
2134 1491
2159 1481
2146 1507
2156 1504
2169 1502
2182 1511
2196 1506
2198 1530
2191 1583
2261 1568
2289 1571
2244 1646
2291 1631
2369 1642
2484 1806
2518 1833
2546 1814
2589 1820
2564 1846
2603 1868
2611 1859
1412190849 2064943595
1
sift 71
119 104
168 131
182 156
214 168
225 169
221 176
209 193
206 239
271 208
285 221
334 242
467 298
611 339
778 372
823 406
937 429
939 438
941 449
1040 529
1232 700
1249 703
1375 733
1333 800
1447 843
1483 883
1504 885
1520 904
1551 921
1600 911
1635 934
1682 961
1676 967
1753 1024
1767 1009
1771 1023
1790 1019
1822 1047
1828 1053
1824 1060
1859 1069
1868 1075
1874 1079
1922 1104
2003 1117
1985 1138
1964 1163
2018 1160
2029 1210
2065 1195
2074 1186
2088 1212
2108 1211
2118 1217
2159 1229
2058 1290
2113 1248
2135 1251
2146 1240
2156 1250
2182 1237
2169 1260
2196 1265
2198 1272
2191 1283
2244 1286
2261 1300
2581 1377
2484 1404
2518 1410
2546 1413
2611 1420
1412190849 2101519230
1
sift 86
60 78
117 149
137 172
155 182
168 210
173 218
184 226
182 234
206 248
209 264
214 271
221 274
225 267
233 285
271 321
284 316
334 386
357 390
467 459
476 452
611 503
777 590
823 623
937 682
939 692
1040 791
1089 884
1231 1068
1249 1087
1504 1296
1520 1307
1524 1305
1493 1341
1551 1349
1600 1350
1635 1379
1737 1383
1676 1402
1682 1407
1753 1453
1767 1456
1771 1450
1790 1466
1839 1441
1822 1487
1828 1493
1824 1508
1859 1499
1874 1521
1924 1494
1868 1535
1922 1558
1964 1570
1985 1583
2003 1594
2029 1603
2018 1642
2067 1619
2074 1647
2108 1630
2088 1649
2065 1677
2118 1658
2134 1660
2058 1717
2113 1680
2135 1668
2146 1675
2156 1671
2169 1662
2182 1667
2159 1682
2196 1665
2198 1689
2191 1720
2261 1705
2289 1697
2244 1738
2291 1723
2484 1800
2518 1819
2546 1811
2564 1832
2581 1847
2603 1841
2611 1856
1412190849 2123400983
1
sift 79
60 77
48 660
117 128
137 140
182 178
184 177
221 183
206 194
214 192
233 204
225 220
284 215
271 232
476 282
467 284
777 358
823 366
939 382
937 384
941 398
1040 462
1090 525
1249 694
1268 711
1333 837
1520 1017
1447 1216
1551 1096
1600 1092
1610 1116
1635 1185
1676 1243
1682 1239
1753 1307
1767 1334
1771 1339
1781 1358
1790 1348
1822 1322
1824 1384
1828 1398
1859 1408
1874 1393
1868 1464
1924 1413
1880 1555
1922 1515
2003 1521
1985 1614
1964 1683
2018 1680
2029 1695
2108 1659
2088 1690
2074 1718
2118 1698
2065 1796
2058 1849
2135 1782
2156 1794
2146 1817
2159 1804
2169 1789
2198 1776
2113 1865
2182 1800
2191 1828
2196 1833
2261 1885
2244 1921
2317 1897
2289 1917
2484 2115
2518 2112
2581 2105
2546 2175
2564 2156
2589 2163
2611 2193
1455135940 1478884387
1
sift 87
85 76
149 150
175 178
188 187
207 221
251 222
237 242
239 245
259 265
270 267
285 276
295 289
297 290
389 356
445 351
480 397
500 398
562 444
568 448
701 582
720 615
779 710
816 732
861 821
998 939
1317 1116
1353 1130
1486 1201
1612 1275
1947 1440
1953 1442
1957 1447
1862 1499
1945 1507
2093 1481
2089 1515
2192 1516
2184 1582
2214 1569
2310 1632
2333 1635
2469 1697
2459 1708
2497 1725
2504 1750
2512 1747
2571 1771
2595 1780
2609 1804
2654 1790
2618 1818
2701 1835
2739 1895
2812 1906
2791 1913
2918 1976
2879 2005
2963 2013
2966 2026
3061 2042
3124 2124
3123 2154
3209 2127
3190 2159
3184 2164
3161 2193
3133 2227
3232 2179
3225 2212
3236 2203
3249 2225
3272 2223
3246 2254
3202 2314
3319 2248
3324 2274
3378 2306
3432 2333
3436 2403
3503 2377
3692 2496
3664 2567
3680 2563
3688 2576
3745 2549
3755 2554
3798 2607
1455135940 1559768425
1
sift 69
431 2121
149 93
237 128
239 131
270 182
295 172
297 175
320 177
334 225
389 214
480 241
446 303
720 358
701 404
778 415
861 503
1353 685
1612 812
1953 1154
1862 1217
1449 2038
2093 1093
2102 1123
2184 1156
2214 1243
2310 1329
2333 1339
2459 1398
2470 1419
2497 1476
2512 1461
2504 1489
2618 1480
2609 1533
2595 1595
2560 1644
2701 1664
2654 1729
2739 1695
2572 1924
2801 1732
2791 1769
2812 1839
2918 1959
2966 2026
2879 2394
2963 2289
3061 2176
3209 2058
3123 2251
3133 2249
3161 2253
3124 2335
3225 2250
3236 2287
3190 2350
3249 2347
3246 2348
3184 2637
3319 2473
3324 2489
3503 2494
3432 2721
3648 3078
3680 3050
3745 2967
3692 3139
3688 3273
3798 3382
1455135940 1625282765
1
sift 76
85 70
149 156
175 181
239 279
237 287
285 277
270 305
445 341
480 382
500 390
568 427
561 430
630 510
701 564
778 647
861 739
998 860
1317 1013
1353 1041
1486 1093
1458 1111
1612 1183
1654 1259
1953 1249
1947 1310
1957 1308
2192 1280
2093 1359
2214 1437
2184 1517
2310 1539
2333 1531
2459 1599
2469 1611
2499 1614
2512 1621
2560 1640
2595 1670
2609 1675
2618 1689
2654 1698
2571 1808
2701 1732
2739 1801
2791 1816
2812 1834
2801 1854
2879 1972
2918 1974
2963 2045
2966 2056
3037 2005
3061 2038
3209 2053
3123 2155
3124 2163
3188 2118
3133 2220
3190 2180
3184 2261
3236 2213
3246 2249
3232 2311
3272 2396
3319 2345
3377 2370
3337 2466
3202 2890
3432 2515
3436 2526
3664 2930
3692 2961
3680 2994
3688 3012
3755 2983
3798 3087
1455135940 1642236225
1
sift 277
67 66
32 20
52 56
153 130
145 124
77 67
136 157
199 159
75 85
163 131
180 344
92 72
186 184
321 363
86 90
195 200
327 462
93 94
198 229
308 407
107 86
211 220
466 420
144 132
219 210
443 313
149 153
208 241
451 454
204 140
236 240
482 482
175 191
230 258
799 665
237 246
258 256
543 689
239 269
252 268
748 731
248 277
257 273
687 622
259 272
268 271
728 809
246 293
294 331
674 651
297 262
254 304
1059 865
270 284
298 345
715 701
282 296
322 335
1107 992
285 299
304 406
1087 919
320 295
314 390
1661 1616
334 347
344 399
1115 1179
370 328
347 411
2737 2210
365 376
368 429
1281 1059
360 384
471 356
421 362
400 480
1567 1286
409 381
447 498
389 447
1438 1385
446 416
1170 2052
576 336
1903 1267
462 421
429 449
2903 1477
437 491
480 457
3657 2470
500 475
459 493
461 547
557 490
554 500
736 359
525 542
548 531
560 537
568 540
655 488
638 563
626 578
700 505
583 663
690 568
701 675
720 683
788 618
774 667
733 729
750 709
651 842
711 794
779 760
770 782
772 785
877 696
816 787
1055 659
902 757
835 802
857 800
1024 737
896 821
860 859
861 870
979 825
906 886
1029 811
1030 819
1049 876
1159 827
998 973
1156 864
1071 916
1079 912
1207 893
999 1048
1202 955
974 1234
1173 1020
1705 855
1410 986
1439 994
1209 1100
1625 978
1164 1345
1317 1261
1401 1241
1353 1308
1672 1093
1116 1684
1342 1506
1580 1290
1716 1214
1486 1399
1717 1279
1210 1867
1588 1420
1385 1679
1912 1269
1925 1272
1539 1580
1732 1442
1612 1584
1753 1463
2057 1326
1829 1454
2745 1127
1889 1496
1707 1642
1865 1568
1998 1494
1950 1554
2120 1473
1943 1703
2263 1481
1845 1809
2244 1518
2349 1465
1947 1815
1742 1961
1862 1884
1953 1829
1957 1835
2204 1678
2048 1811
2143 1745
2255 1655
2315 1662
1999 1905
2037 1912
2093 1872
2192 1843
2089 1920
1959 2012
2262 1848
2408 1846
2233 1949
2228 1954
2529 1826
2754 1725
2184 2008
2430 1887
2214 2000
2467 1906
2707 1860
2474 1984
2311 2087
2333 2080
2515 2073
2469 2146
2459 2170
2497 2164
2512 2175
2504 2185
2462 2231
2449 2260
2560 2228
2609 2248
3125 1970
2618 2255
2595 2269
2759 2183
2571 2337
2945 2134
2701 2292
3407 1942
2654 2316
2739 2325
2791 2347
2812 2356
2918 2392
3114 2294
2879 2430
3170 2310
2963 2477
3496 2238
3061 2451
3632 2206
3530 2297
3209 2475
3124 2515
3123 2533
3126 2541
3161 2524
3695 2324
3622 2372
3190 2561
3133 2592
3232 2555
3236 2580
3184 2609
3225 2600
3246 2590
3202 2613
3249 2607
3272 2599
3324 2631
3319 2645
3545 2549
3433 2667
3654 2563
3436 2687
3503 2693
3597 2754
3390 2815
3692 2773
3648 2792
3745 2768
3680 2799
3798 2796
3755 2824
1455135940 1868875671
1
sift 88
85 72
149 126
175 153
188 161
207 183
251 179
237 191
239 194
270 200
285 203
297 210
334 209
389 236
445 226
480 255
500 258
562 291
568 294
616 301
701 345
720 370
779 412
812 431
861 496
998 568
1317 733
1353 748
1486 796
1612 871
1947 1006
1862 1039
1957 1012
1953 1015
2192 1014
2093 1050
2089 1063
2228 1064
2184 1111
2214 1105
2310 1159
2333 1152
2459 1208
2469 1235
2497 1224
2504 1232
2512 1241
2595 1257
2571 1280
2609 1263
2618 1268
2654 1284
2701 1290
2739 1307
2791 1338
2812 1336
2879 1375
2918 1400
2966 1421
2963 1426
3037 1410
3061 1429
3209 1437
3123 1459
3161 1457
3124 1485
3133 1497
3184 1507
3232 1495
3249 1492
3190 1518
3236 1502
3246 1503
3225 1513
3272 1520
3319 1528
3202 1587
3324 1549
3378 1545
3436 1580
3432 1601
3503 1574
3692 1648
3648 1682
3688 1672
3680 1687
3664 1710
3745 1698
3798 1675
1455135940 2004098830
1
sift 92
85 68
149 123
175 140
188 158
207 175
251 173
237 185
239 190
259 202
270 199
285 206
295 211
297 213
320 219
389 260
445 254
480 279
500 284
562 297
568 300
630 321
701 356
720 368
779 403
816 409
861 463
998 509
1317 622
1353 635
1458 688
1486 693
1612 750
1862 846
1953 866
1947 867
1957 873
2093 893
2089 912
2192 913
2184 960
2214 966
2310 1046
2333 1043
2469 1104
2459 1113
2498 1135
2512 1137
2504 1145
2571 1197
2595 1186
2609 1202
2654 1174
2701 1219
2618 1263
2739 1233
2812 1271
2791 1277
2879 1361
2918 1356
2966 1353
2963 1387
3037 1375
3061 1358
3241 1382
3124 1437
3123 1457
3209 1434
3161 1469
3133 1502
3184 1490
3190 1506
3249 1481
3225 1507
3236 1504
3232 1512
3283 1491
3272 1500
3246 1530
3319 1568
3324 1583
3377 1584
3432 1644
3436 1642
3202 1862
3503 1647
3664 1820
3692 1806
3680 1834
3648 1868
3688 1846
3745 1814
3798 1860
1455135940 2064943595
1
sift 74
149 104
239 156
295 167
297 176
389 208
445 221
480 242
501 230
561 289
569 298
630 339
701 372
720 406
779 438
861 528
998 616
1317 699
1486 732
1458 795
1612 805
1654 800
1945 876
1947 885
1953 904
1862 921
2089 911
2093 916
2214 933
2310 961
2333 966
2459 1025
2497 1010
2469 1023
2504 1019
2512 1027
2595 1048
2571 1059
2609 1053
2654 1069
2701 1078
2739 1074
2791 1105
2812 1101
2879 1138
2918 1118
2801 1169
2966 1123
2963 1210
3061 1181
3123 1186
3161 1195
3124 1212
3209 1211
3133 1260
3249 1229
3184 1251
3225 1240
3232 1238
3190 1265
3236 1250
3272 1248
3246 1272
3202 1290
3378 1255
3324 1283
3319 1300
3503 1285
3432 1327
3436 1328
3755 1377
3680 1411
3692 1404
3745 1413
3798 1421
1455135940 2101519230
1
sift 87
85 77
149 147
175 173
188 182
207 218
251 210
237 226
239 234
259 258
270 248
285 265
295 272
297 274
389 321
445 317
480 386
500 391
560 452
568 457
630 503
701 589
720 623
779 692
816 717
861 790
998 883
1317 1067
1353 1087
1486 1125
1612 1199
1947 1296
1957 1304
1953 1307
1862 1349
2093 1342
2089 1350
2184 1383
2214 1378
2310 1407
2333 1403
2459 1454
2469 1450
2497 1457
2504 1466
2512 1467
2595 1488
2571 1507
2609 1493
2618 1494
2654 1499
2701 1522
2739 1534
2812 1553
2791 1559
2879 1583
2918 1593
2963 1603
2966 1608
3061 1620
3241 1613
3123 1647
3124 1649
3209 1630
3133 1662
3161 1677
3184 1668
3190 1665
3232 1666
3225 1675
3236 1671
3249 1682
3272 1680
3246 1689
3202 1717
3319 1705
3324 1720
3378 1722
3432 1739
3503 1737
3436 1765
3692 1800
3680 1818
3648 1841
3688 1832
3745 1811
3755 1847
3798 1855
1455135940 2123400983
1
sift 80
85 76
149 127
175 141
188 145
237 177
239 178
297 183
270 194
295 191
320 204
334 220
349 225
445 216
389 232
480 273
562 280
568 283
701 359
720 366
779 382
812 430
861 463
998 525
1353 694
1486 767
1612 825
1654 837
1953 1017
1862 1096
2089 1092
2192 1117
2214 1184
2310 1239
2333 1241
2459 1308
2469 1339
2504 1348
2512 1357
2595 1323
2571 1383
2609 1398
2618 1413
2654 1408
2701 1392
2739 1463
2801 1490
2812 1505
2791 1516
2918 1522
2879 1614
2966 1672
2963 1695
3061 1633
3037 1658
3124 1690
3209 1659
3123 1718
3133 1789
3184 1782
3161 1796
3246 1776
3190 1833
3232 1799
3236 1794
3225 1817
3249 1804
3202 1849
3272 1865
3324 1828
3319 1885
3378 1897
3432 1875
3503 1920
3680 2111
3692 2115
3664 2163
3688 2156
3755 2105
3745 2175
3798 2195
1478884387 1559768425
1
sift 75
149 94
1397 635
242 128
245 131
288 173
290 175
297 177
272 225
356 214
397 241
352 303
447 292
614 359
581 403
674 389
710 414
732 477
820 502
938 603
921 992
1130 685
1275 812
1245 961
1517 943
1442 1154
1480 1092
1498 1218
1582 1156
1569 1243
1630 1330
1635 1339
1697 1418
1707 1397
1723 1478
1745 1464
1749 1490
1817 1481
1804 1533
1780 1595
1789 1730
1834 1663
1772 1924
1894 1694
1913 1769
1906 1839
1918 1915
2173 1543
2125 1644
1975 1958
2026 2026
2042 2176
2127 2058
2013 2289
2005 2394
2147 2197
2154 2251
2124 2335
2192 2254
2227 2249
2203 2287
2159 2350
2225 2347
2223 2353
2254 2348
2248 2473
2164 2637
2274 2489
2329 2380
2376 2495
2334 2722
2311 3174
2549 2967
2494 3140
2562 3049
2607 3382
1478884387 1625282765
1
sift 73
149 155
178 181
187 213
221 271
245 279
242 287
276 277
267 305
351 341
397 382
398 390
447 426
443 430
581 565
674 642
710 648
732 653
820 740
938 861
1116 1013
1130 1041
1201 1093
1275 1183
1356 1237
1442 1249
1440 1310
1447 1308
1516 1280
1480 1360
1569 1437
1582 1517
1635 1531
1630 1540
1697 1611
1707 1600
1723 1614
1745 1622
1780 1670
1804 1675
1790 1698
1817 1690
1771 1808
1834 1731
1894 1802
1906 1834
1913 1816
1976 1974
2005 1972
2013 2045
2026 2056
2042 2038
2127 2053
2147 2118
2124 2163
2154 2155
2159 2180
2164 2261
2203 2213
2227 2220
2178 2312
2254 2249
2223 2396
2248 2345
2306 2369
2333 2515
2274 2652
2403 2526
2314 2890
2494 2962
2567 2930
2554 2983
2562 2993
2607 3087
1478884387 1642236225
1
sift 94
75 90
149 152
178 191
242 246
245 269
265 272
290 262
267 284
276 299
297 295
272 347
352 416
356 447
397 457
398 475
447 538
556 654
581 676
615 683
674 754
710 760
732 787
820 869
938 972
1116 1261
1130 1308
1147 1327
1201 1399
1233 1450
1245 1560
1275 1584
1356 1670
1440 1815
1442 1829
1447 1835
1480 1873
1516 1843
1498 1885
1515 1920
1569 2000
1582 2008
1635 2080
1630 2088
1697 2146
1707 2169
1723 2165
1745 2174
1749 2186
1804 2248
1780 2269
1817 2256
1789 2315
1771 2337
1834 2291
1894 2326
1906 2356
1913 2347
1975 2391
2005 2430
2012 2469
2013 2477
2042 2451
2127 2475
2124 2515
2154 2533
2147 2553
2192 2525
2159 2561
2178 2556
2161 2566
2173 2570
2203 2580
2221 2576
2164 2609
2227 2592
2223 2599
2225 2607
2254 2590
2248 2645
2274 2631
2314 2613
2307 2641
2329 2635
2346 2650
2311 2679
2334 2667
2376 2692
2403 2687
2494 2772
2549 2768
2562 2800
2591 2806
2607 2796
2554 2824
1478884387 1868875671
1
sift 96
75 71
149 127
178 153
187 161
222 179
221 183
242 191
245 194
267 200
276 203
272 209
290 210
297 211
351 226
356 236
397 255
398 258
443 290
447 293
556 359
581 344
614 369
710 412
732 436
734 439
820 497
938 567
1116 733
1130 748
1201 796
2382 524
1275 871
1356 937
1440 1006
1442 1015
1447 1012
1516 1014
1480 1049
1498 1038
1515 1063
1569 1105
1582 1111
1635 1152
1630 1160
1707 1209
1697 1235
1723 1226
1749 1234
1745 1240
1780 1257
1771 1280
1804 1263
1789 1283
1817 1267
1832 1275
1834 1291
1894 1308
1906 1336
1913 1338
1975 1399
2005 1375
2012 1424
2013 1426
2026 1421
2042 1429
2127 1437
2125 1444
2124 1485
2154 1459
2147 1474
2192 1456
2161 1490
2178 1496
2164 1507
2221 1491
2225 1492
2159 1518
2203 1502
2227 1497
2254 1503
2223 1520
2248 1528
2274 1549
2329 1529
2306 1545
2311 1558
2345 1563
2314 1587
2376 1575
2333 1601
2403 1580
2494 1647
2562 1688
2549 1698
2607 1675
2591 1708
1478884387 2004098830
1
sift 98
31 21
75 69
149 122
178 140
187 158
222 173
221 175
242 185
245 190
267 199
265 202
276 206
272 214
290 213
297 219
351 254
356 260
397 279
398 284
443 296
447 299
581 355
614 367
674 401
710 403
732 409
734 417
820 462
938 510
1116 622
1130 635
1201 693
1275 750
1356 811
1442 866
1440 867
1447 873
1499 846
1480 894
1515 912
1516 913
1569 966
1582 960
1630 1048
1635 1043
1697 1104
1707 1114
1723 1132
1745 1136
1749 1146
1780 1186
1771 1197
1789 1173
1804 1202
1834 1218
1817 1264
1894 1232
1906 1271
1913 1277
1832 1352
2125 1217
1975 1357
2005 1361
2026 1353
2013 1387
2042 1358
2012 1392
2124 1437
2127 1434
2154 1457
2147 1485
2192 1470
2164 1490
2161 1491
2159 1506
2225 1481
2221 1486
2178 1511
2203 1504
2223 1500
2227 1502
2254 1530
2248 1568
2274 1583
2306 1585
2329 1570
2311 1590
2345 1630
2333 1644
2376 1646
2403 1642
2314 1862
2494 1807
2549 1814
2567 1820
2562 1833
2607 1860
2591 1908
1478884387 2064943595
1
sift 83
150 104
222 131
245 156
272 169
265 178
288 168
290 176
276 194
297 187
267 239
356 208
351 221
397 242
447 298
556 308
582 372
615 406
674 429
710 438
732 471
820 529
938 615
1116 699
1130 703
1201 732
1275 805
1356 843
1440 885
1442 904
1506 877
1480 915
1515 911
1498 922
1569 933
1631 960
1635 966
1697 1023
1723 1009
1707 1024
1749 1021
1745 1028
1780 1048
1771 1059
1804 1053
1789 1070
1834 1079
1894 1075
1906 1101
1913 1105
1975 1117
2026 1123
2005 1138
2042 1181
2013 1210
2125 1161
2154 1186
2127 1211
2124 1212
2192 1194
2147 1218
2173 1231
2225 1229
2164 1251
2178 1237
2159 1265
2311 1196
2203 1250
2223 1248
2227 1260
2254 1272
2306 1255
2274 1283
2248 1300
2314 1290
2345 1297
2376 1286
2334 1326
2403 1328
2554 1377
2494 1403
2549 1413
2562 1410
2607 1421
1478884387 2101519230
1
sift 246
30 33
49 47
23 26
105 134
69 40
31 27
155 145
64 53
63 32
266 275
147 114
75 78
184 166
202 140
71 90
344 335
196 189
115 94
193 206
292 255
136 86
442 353
230 217
121 109
264 287
291 281
149 149
315 266
158 146
359 366
161 168
410 397
182 160
403 493
178 173
434 488
208 154
587 570
187 182
553 703
189 185
810 921
198 188
1144 978
186 201
1103 1093
199 200
1428 1059
256 191
1299 1253
222 210
1430 1382
221 218
1934 1471
238 212
205 273
242 226
245 234
234 256
317 207
299 223
267 248
278 239
265 258
293 233
272 267
276 265
288 271
290 274
310 252
308 270
297 285
304 278
343 245
358 276
332 307
394 260
350 293
2455 120
387 294
351 317
356 321
361 330
376 327
368 363
379 348
374 358
373 365
378 367
401 352
415 347
397 386
398 391
405 375
411 378
474 332
432 377
455 383
413 433
426 419
502 349
515 338
437 427
435 440
443 454
447 459
471 471
466 477
562 447
526 531
667 444
554 518
1973 209
556 564
618 509
594 548
568 573
586 562
702 487
581 590
636 540
593 594
621 587
634 578
614 622
739 538
673 604
620 649
658 631
680 667
696 651
665 683
676 676
674 682
723 660
692 691
681 696
720 679
710 692
682 712
743 697
732 717
734 720
757 701
777 710
778 733
797 738
774 822
848 764
814 798
820 791
858 770
813 805
851 779
831 813
1086 677
894 844
903 852
902 862
1061 760
938 884
983 868
980 1056
1005 1025
1145 1005
1092 1057
1116 1067
1130 1087
1209 1017
1160 1131
1109 1185
1201 1125
1238 1205
1275 1199
1418 1127
1359 1149
1351 1157
1302 1255
1350 1299
1440 1296
1442 1307
1447 1304
1516 1284
1480 1341
1587 1287
1498 1348
1515 1350
1569 1378
1582 1383
1635 1403
1630 1406
1697 1450
1707 1453
1723 1456
1745 1468
1749 1464
1683 1515
1832 1440
1780 1488
1771 1507
1789 1500
1804 1493
1817 1495
1834 1521
1894 1535
1906 1553
1913 1559
1975 1594
2005 1583
2013 1603
2026 1608
2012 1614
2042 1620
2127 1630
2125 1643
2124 1649
2154 1647
2147 1659
2161 1660
2159 1665
2164 1668
2178 1667
2311 1625
2221 1661
2203 1671
2192 1676
2227 1662
1922 1836
2223 1680
2225 1682
2254 1689
2248 1705
2274 1720
2329 1696
2314 1717
2306 1722
2345 1724
2333 1739
2376 1738
2403 1765
2494 1801
2549 1811
2562 1819
2554 1847
2591 1843
2607 1855
1478884387 2123400983
1
sift 83
75 77
149 128
178 141
187 145
242 177
245 178
290 183
267 194
288 192
272 220
297 204
351 216
356 232
443 281
447 284
556 352
581 358
614 367
674 384
710 382
734 396
820 462
939 525
1130 694
1147 711
1201 767
1275 825
1245 900
1442 1017
1356 1216
1498 1095
1515 1092
1516 1117
1569 1184
1630 1237
1635 1241
1707 1307
1697 1339
1723 1334
1749 1347
1746 1356
1780 1323
1771 1383
1789 1409
1804 1398
1834 1393
1817 1412
1894 1464
1906 1505
1913 1516
1975 1521
2005 1614
2125 1555
2042 1633
2026 1672
2013 1695
2311 1500
2127 1659
2124 1690
2147 1699
2154 1718
2164 1782
2178 1800
2159 1833
2192 1797
2203 1794
2225 1804
2227 1789
2254 1776
2223 1865
2274 1828
2248 1885
2314 1849
2306 1897
2333 1875
2329 1918
2376 1921
2494 2116
2554 2105
2562 2112
2549 2175
2567 2163
2607 2195
1559768425 1625282765
1
sift 54
93 156
128 287
131 279
241 382
403 565
389 642
415 647
502 740
603 861
685 1041
812 1094
920 1206
1154 1249
1092 1360
1156 1517
1242 1438
1337 1532
1329 1539
1397 1600
1418 1611
1476 1616
1464 1622
1480 1689
1533 1675
1643 1641
1594 1669
1663 1731
1579 1830
1694 1802
1732 1854
1768 1817
1924 1809
2025 2055
2058 2053
2176 2038
2393 1973
2197 2118
2289 2045
2251 2155
2249 2220
2335 2163
2287 2213
2350 2180
2348 2249
2353 2396
2473 2345
2637 2261
2560 2369
2489 2652
2721 2515
3049 2993
3138 2963
3272 3011
3381 3088
1559768425 1642236225
1
sift 71
1568 47
93 153
128 246
2047 2132
131 269
175 262
182 284
177 295
225 347
241 457
303 416
292 538
358 683
403 676
389 754
414 760
502 869
603 972
685 1308
961 1560
1123 1450
1092 1873
1154 1829
1217 1884
1156 2008
1242 2001
1337 2078
1330 2088
1418 2146
1397 2169
1476 2164
1461 2175
1489 2185
1480 2255
1533 2248
1643 2227
1594 2270
1663 2291
1694 2326
1729 2316
1768 2348
1924 2338
1543 2570
2050 2452
2058 2475
2176 2451
2572 2359
2393 2429
2289 2477
2198 2552
2251 2533
2335 2515
2249 2592
2287 2580
2250 2600
2350 2561
2348 2590
2353 2599
2347 2607
2380 2635
2489 2631
2473 2645
2637 2609
2494 2693
2722 2667
3174 2679
2966 2767
3138 2774
3078 2792
3049 2800
3381 2798
1559768425 1681010432
1
sift 214
22 39
52 64
21 43
46 56
50 61
74 98
96 126
115 140
117 150
103 132
98 128
171 131
159 175
136 158
147 159
148 197
121 216
132 186
193 208
155 178
180 242
215 230
174 190
202 218
191 220
157 203
204 250
222 241
197 193
236 239
220 253
169 238
234 260
238 223
184 234
277 233
219 262
207 213
235 278
239 272
250 286
269 304
263 284
265 298
344 252
249 356
279 297
333 397
293 326
281 315
607 553
315 343
252 352
595 665
316 341
299 371
597 651
341 381
351 344
721 590
324 419
338 370
567 844
350 391
388 438
658 819
357 393
432 618
741 937
370 418
444 522
858 1013
399 455
495 610
883 926
419 460
498 739
833 1213
423 472
706 1237
948 1107
499 566
870 1235
982 1192
492 577
806 1584
877 1326
520 604
1030 1105
1010 1227
534 716
896 1585
1009 1269
1280 1181
1045 1275
1005 1653
897 2266
942 2249
1308 1373
1588 1567
1384 1410
1266 1948
1263 1508
2112 1478
1316 1470
1303 2363
1188 1683
1517 3889
1209 1647
2444 1433
1177 1733
2906 3701
1178 1758
2343 3463
1267 1708
3098 3553
1353 1582
2585 3927
1343 1597
1527 1480
1589 1459
1950 1322
1650 1452
1408 1728
1436 1717
1275 2060
1738 1511
1424 1839
1396 1924
1386 1936
1322 2073
1425 1970
1564 1849
1285 2440
1947 1594
1509 2140
1624 1994
1421 2296
1739 2161
1566 2512
1803 2257
2000 2025
2165 1845
1715 2399
1430 2810
1864 2291
2162 1960
1865 2325
2056 2113
1747 2529
1415 3108
1749 2607
2227 2064
1837 2603
1673 2804
2405 2116
1782 2823
1971 2690
2497 2244
2077 2619
3002 1935
1821 3051
1991 2800
2224 2612
2239 2598
1944 3073
1997 2972
2171 2874
1875 3429
2079 3022
2814 2379
2129 2987
1709 3896
2295 2931
2133 3192
1969 3525
1833 3894
3092 2488
2515 2888
2398 2999
2262 3216
2675 2796
2724 2777
2125 3550
2257 3443
2569 3081
2506 3180
3076 2744
2175 3779
2217 3709
2885 2961
2391 3611
2738 3209
2362 3698
2564 3478
2643 3432
2973 3171
2875 3283
2968 3195
2781 3384
2305 4059
2857 3474
2396 4074
2936 3666
3387 3085
2958 3694
3235 3437
3040 3722
3029 3809
2931 3937
3006 3971
3278 3763
3306 4006
3400 3871
1559768425 1868875671
1
sift 61
93 126
177 211
225 209
213 235
303 227
292 293
358 370
403 344
389 409
414 412
502 497
685 748
1154 1015
1092 1049
1217 1039
1156 1111
1242 1106
1337 1151
1329 1159
1397 1209
1418 1235
1476 1224
1461 1241
1489 1232
1480 1268
1533 1263
1594 1256
1663 1291
1729 1284
1694 1308
1768 1339
2050 1410
2025 1422
2058 1437
2572 1318
2176 1429
2393 1376
2289 1426
2197 1474
2251 1459
2249 1497
2335 1485
2250 1513
2287 1502
2347 1492
2348 1503
2350 1518
2353 1520
2380 1529
2473 1528
2489 1549
2637 1507
2560 1545
2494 1574
3174 1558
3138 1649
2966 1699
3049 1688
3078 1682
3272 1673
3381 1674
1559768425 2004098830
1
sift 64
93 123
172 211
175 213
177 219
225 214
213 261
303 253
292 299
358 368
403 355
389 401
414 403
502 462
685 635
1092 894
1154 866
1217 846
1156 960
1242 967
1329 1046
1337 1044
1397 1114
1418 1104
1461 1137
1476 1133
1489 1145
1533 1202
1594 1185
1481 1264
1729 1174
1643 1216
1663 1218
1694 1232
1768 1278
2025 1354
2050 1375
2176 1358
2058 1434
2289 1387
2393 1362
2197 1485
2251 1457
2572 1351
2335 1437
2249 1502
2250 1507
2287 1504
2347 1481
2353 1500
2350 1506
2348 1530
2380 1570
2637 1490
2473 1568
2489 1583
2767 1486
2560 1585
2494 1647
3174 1590
2966 1815
3138 1808
3078 1868
3272 1845
3381 1861
1559768425 2064943595
1
sift 86
22 37
52 64
9 21
257 264
115 125
18 42
388 468
155 139
37 59
174 152
57 69
197 174
93 104
207 204
128 151
240 241
131 156
243 307
172 167
244 378
175 176
351 424
177 187
338 492
225 169
213 209
241 242
264 239
269 256
292 298
358 406
404 372
389 429
414 438
502 529
481 669
603 615
685 703
1092 915
1154 904
1217 921
1242 934
1329 961
1337 965
1397 1024
1418 1023
1476 1010
1489 1019
1533 1053
1594 1047
1663 1079
1694 1075
1729 1069
1768 1104
1643 1160
1543 1231
1732 1169
1958 1117
2025 1122
2050 1176
2393 1137
2058 1211
2176 1181
2251 1186
2253 1195
2289 1210
2572 1163
2335 1212
2250 1240
2347 1229
2249 1260
2287 1250
2353 1248
2350 1265
2348 1272
2489 1283
2637 1251
2494 1285
2473 1300
2767 1259
3174 1196
2721 1327
2966 1415
3049 1410
3139 1404
3381 1422
1559768425 2101519230
1
sift 67
93 147
1901 68
131 234
182 248
172 272
177 285
213 320
241 386
303 316
358 623
403 590
389 682
414 692
502 791
603 884
425 1515
685 1087
943 1283
1154 1307
1092 1341
1217 1349
1156 1383
1242 1379
1329 1407
1337 1401
1397 1453
1418 1450
1476 1457
1461 1467
1489 1466
1480 1494
1533 1493
1594 1487
1729 1499
1663 1521
1694 1535
1643 1569
1768 1558
2025 1607
2058 1630
2176 1620
2289 1603
2393 1584
2198 1658
2251 1647
2249 1662
2335 1649
2250 1675
2287 1671
2350 1665
2353 1680
2347 1682
2348 1689
2380 1696
2637 1668
2473 1705
2767 1660
2489 1720
2560 1722
2494 1737
2721 1739
2966 1812
3138 1799
3049 1819
3078 1841
3272 1833
3381 1857
1559768425 2123400983
1
sift 70
93 127
128 177
131 178
175 183
172 191
182 194
177 204
225 220
213 231
303 215
241 273
292 284
358 366
403 358
389 384
414 382
502 462
604 525
685 694
812 766
920 797
961 900
1154 1017
1217 1096
1242 1185
1161 1326
1329 1239
1337 1242
1397 1307
1418 1339
1476 1336
1461 1357
1489 1348
1594 1322
1480 1413
1533 1398
1663 1393
1729 1408
1694 1464
1732 1490
1643 1554
1768 1515
2025 1673
2058 1659
2176 1633
2197 1699
2393 1613
2289 1695
2251 1718
2335 1690
2249 1789
3174 1500
2250 1817
2287 1794
2348 1776
2572 1683
2347 1804
2350 1833
2353 1865
2489 1828
2637 1782
2380 1918
2473 1885
2494 1920
2721 1875
3049 2112
2966 2174
3138 2117
3272 2155
3381 2194
1625282765 1642236225
1
sift 70
155 152
304 2503
181 191
279 269
277 299
305 284
382 457
389 476
426 538
430 536
564 675
643 753
648 760
653 787
739 870
860 973
1013 1261
1041 1308
1093 1399
940 2039
1183 1584
1237 1670
1249 1829
1281 1842
1309 1816
1307 1834
1359 1872
1437 2000
1517 2008
1530 2079
1540 2088
1610 2147
1599 2170
1614 2165
1621 2175
1640 2228
1674 2247
1669 2270
1689 2255
1731 2291
1698 2316
1801 2325
1808 2337
1816 2347
1833 2355
1972 2430
2038 2451
2045 2477
2053 2475
2118 2524
2163 2515
2155 2533
2180 2561
2219 2566
2213 2580
2220 2592
2311 2555
2249 2590
2261 2609
2396 2599
2345 2645
2369 2642
2516 2667
2526 2687
2890 2613
2983 2679
2961 2773
2931 2792
2993 2800
3086 2797
1625282765 1868875671
1
sift 70
155 127
181 153
213 161
279 194
287 191
305 200
341 226
382 255
389 259
426 293
429 291
564 345
642 409
648 412
653 436
739 496
860 568
1013 733
1041 748
1093 796
1183 871
1237 937
1249 1015
1281 1013
1309 1005
1307 1011
1359 1050
1437 1105
1517 1111
1530 1153
1539 1159
1599 1208
1614 1226
1610 1236
1621 1241
1669 1256
1674 1264
1689 1268
1731 1291
1710 1297
1808 1280
1801 1307
1833 1335
1816 1338
1640 1444
1972 1375
2005 1410
2038 1429
2045 1426
2055 1422
2053 1437
2155 1459
2163 1485
2219 1490
2220 1497
2213 1502
2180 1518
2249 1503
2261 1507
2311 1495
2345 1528
2396 1520
2369 1545
2526 1580
2515 1601
2890 1587
2961 1648
2930 1710
2993 1688
3086 1676
1625282765 2004098830
1
sift 68
2608 1648
155 122
181 140
279 190
287 185
277 206
305 199
341 254
382 279
389 283
426 299
429 297
564 356
642 401
648 403
653 409
739 463
860 509
1013 622
1041 635
1093 693
1183 750
1237 811
1249 866
1309 868
1307 874
1281 914
1359 893
1437 966
1517 960
1530 1042
1539 1046
1610 1105
1599 1113
1614 1132
1621 1137
1640 1217
1674 1203
1731 1218
1808 1197
1689 1263
1801 1233
1833 1270
1816 1277
2005 1375
2038 1358
2055 1354
2045 1387
2053 1434
2163 1437
2155 1457
2180 1506
2219 1491
2220 1502
2213 1504
2261 1490
2249 1530
2311 1512
2396 1500
2345 1568
2369 1585
2515 1644
2526 1642
2930 1820
2961 1806
2890 1862
2993 1833
3086 1859
1625282765 2064943595
1
sift 63
242 158
279 156
341 221
382 242
389 230
430 289
426 298
510 339
564 372
642 429
648 438
653 471
739 528
860 616
1013 699
1041 703
1093 732
1111 795
1183 805
1259 800
1237 843
1310 885
1377 882
1359 916
1437 933
1539 961
1530 967
1614 1009
1599 1025
1610 1022
1621 1027
1669 1047
1674 1052
1731 1079
1808 1059
1801 1074
1833 1100
1640 1161
1816 1105
1854 1169
1972 1138
2055 1122
2005 1176
2038 1181
2045 1210
2053 1211
2155 1186
2118 1218
2163 1212
2180 1265
2220 1260
2261 1251
2311 1238
2249 1272
2369 1255
2396 1248
2345 1300
2515 1327
2527 1329
2890 1290
2962 1403
2993 1410
3086 1420
1625282765 2101519230
1
sift 73
71 78
155 149
181 173
271 218
279 234
287 226
277 265
305 248
341 317
382 386
389 390
426 459
429 453
510 503
564 589
642 682
648 692
653 717
739 790
860 883
1013 1067
1041 1087
1093 1125
1183 1199
1280 1284
1249 1307
1309 1297
1307 1305
1377 1322
1359 1342
1443 1372
1437 1378
1517 1383
1530 1402
1539 1407
1599 1454
1610 1451
1614 1456
1621 1467
1669 1487
1674 1492
1689 1494
1731 1521
1808 1507
1801 1534
1833 1554
1816 1559
1640 1643
1972 1583
2045 1603
2055 1607
2038 1620
2053 1630
2155 1647
2163 1649
2118 1659
2180 1665
2219 1660
2220 1662
2213 1671
2261 1668
2311 1666
2249 1689
2396 1680
2345 1705
2369 1722
2515 1739
2526 1765
2890 1717
2961 1800
2993 1819
2983 1847
3086 1856
1625282765 2112039065
1
sift 54
237 1570
1274 100
435 33
1103 1618
166 186
280 111
1264 126
281 116
2802 1697
183 221
314 119
802 2659
411 155
1585 182
497 199
1537 674
623 217
589 467
2634 148
2386 2775
967 195
2058 260
774 242
2264 4335
830 445
3197 459
875 493
3076 3776
1209 450
1344 3292
1182 502
2944 4463
590 3631
1956 3766
1516 731
785 4226
1831 683
1148 1241
1237 1161
2383 832
1306 1657
1382 1651
1541 2092
1706 1935
1622 2238
1380 3242
1265 4217
3146 1427
2542 2070
2001 2647
2345 2731
1772 4160
2213 3657
2992 3954
1625282765 2123400983
1
sift 65
697 162
155 128
181 141
213 145
279 178
287 177
305 194
341 216
382 273
426 284
429 280
564 359
642 384
648 382
653 408
739 463
860 525
1041 694
1093 767
1183 825
1192 932
1249 1017
1377 1039
1237 1216
1381 1258
1437 1184
1530 1243
1539 1239
1599 1308
1610 1338
1614 1334
1621 1357
1669 1322
1674 1397
1689 1413
1731 1393
1808 1383
1801 1463
1833 1504
1854 1490
1816 1516
1972 1614
2038 1633
2053 1659
2055 1673
2045 1695
2118 1699
2163 1690
2155 1718
2249 1776
2220 1789
2213 1794
2261 1782
2180 1833
2311 1799
2345 1885
2396 1865
2369 1897
2515 1875
2890 1849
2983 2105
2961 2115
2993 2112
2930 2163
3086 2193
1642236225 1868875671
1
sift 84
152 127
190 154
269 194
262 210
284 200
299 203
295 211
347 209
416 227
447 236
457 255
475 258
538 293
654 359
675 345
683 370
753 410
760 412
787 436
869 497
972 567
1259 732
1308 748
1399 796
1584 871
1670 937
1815 1006
1829 1015
1834 1011
1842 1013
1884 1039
1872 1050
1920 1063
1953 1065
2000 1105
2008 1111
2078 1151
2088 1160
2146 1235
2169 1209
2164 1224
2184 1233
2174 1240
2247 1264
2255 1268
2269 1257
2291 1291
2315 1283
2337 1280
2325 1307
2347 1338
2355 1335
2391 1399
2429 1376
2451 1429
2477 1426
2475 1437
2524 1457
2515 1485
2533 1459
2552 1473
2555 1495
2566 1490
2576 1491
2580 1502
2592 1497
2561 1518
2590 1503
2607 1492
2600 1513
2609 1507
2599 1520
2634 1530
2631 1549
2645 1528
2613 1587
2650 1564
2679 1558
2692 1575
2686 1581
2772 1647
2766 1700
2796 1675
2799 1687
1642236225 2004098830
1
sift 87
90 69
152 122
190 141
269 190
272 202
262 213
284 199
299 206
295 219
347 214
416 253
447 260
457 279
475 284
538 299
654 358
675 356
683 368
753 400
760 403
787 409
869 462
972 510
1259 621
1308 635
1399 693
1584 750
1670 811
1815 867
1829 866
1884 846
1834 874
1872 893
1842 914
1920 912
2000 966
2008 960
2078 1044
2088 1048
2146 1104
2169 1114
2164 1133
2174 1136
2184 1147
2247 1203
2269 1186
2227 1216
2315 1173
2291 1218
2337 1197
2255 1263
2325 1233
2355 1270
2347 1277
2358 1352
2391 1357
2429 1362
2451 1358
2477 1387
2475 1434
2515 1437
2524 1469
2533 1457
2552 1484
2576 1486
2561 1506
2555 1512
2580 1504
2607 1481
2592 1502
2599 1500
2609 1490
2600 1507
2590 1530
2634 1571
2631 1583
2645 1568
2650 1631
2679 1590
2686 1641
2692 1646
2613 1862
2766 1816
2772 1807
2799 1834
2796 1860
2806 1908
1642236225 2064943595
1
sift 83
153 104
246 151
269 156
262 176
303 168
294 188
299 194
347 169
284 239
447 208
416 222
457 242
476 230
536 289
538 298
675 372
683 406
753 430
760 438
787 471
869 529
972 615
1260 700
1308 703
1399 732
1584 805
1670 843
1815 885
1829 904
1953 882
1872 916
1920 911
1884 921
2000 933
2078 965
2087 960
2164 1010
2146 1023
2169 1024
2174 1028
2184 1020
2247 1052
2269 1048
2291 1079
2315 1070
2337 1059
2325 1074
2347 1105
2355 1100
2227 1160
2391 1117
2358 1162
2429 1137
2451 1181
2475 1211
2477 1210
2524 1195
2533 1186
2515 1212
2552 1217
2570 1231
2555 1238
2607 1229
2580 1250
2561 1265
2600 1240
2599 1248
2679 1196
2592 1260
2609 1251
2590 1272
2641 1254
2613 1290
2631 1283
2651 1297
2645 1300
2692 1286
2686 1329
2772 1403
2766 1414
2824 1377
2799 1411
2796 1421
1642236225 2101519230
1
sift 88
90 78
152 149
190 172
269 234
272 258
262 274
284 248
299 265
295 285
347 267
416 316
447 321
457 386
475 391
537 452
538 459
654 564
675 589
683 623
753 681
760 692
787 717
869 791
972 884
1259 1068
1308 1087
1399 1125
1584 1199
1815 1296
1842 1283
1834 1305
1829 1307
1872 1342
1884 1349
1920 1350
2000 1378
2008 1383
2078 1401
2087 1408
2146 1450
2164 1457
2169 1453
2174 1468
2184 1465
2247 1492
2255 1494
2269 1488
2315 1500
2291 1521
2337 1507
2325 1534
2355 1554
2347 1559
2391 1594
2429 1584
2477 1603
2469 1614
2451 1620
2475 1630
2515 1649
2533 1647
2552 1658
2524 1677
2566 1660
2555 1666
2561 1665
2576 1661
2580 1671
2592 1662
2679 1625
2600 1675
2599 1680
2609 1668
2590 1689
2607 1682
2634 1697
2613 1717
2645 1705
2631 1720
2650 1722
2692 1738
2686 1764
2772 1801
2766 1813
2799 1818
2806 1843
2796 1855
2824 1847
1642236225 2123400983
1
sift 80
90 77
152 128
190 140
246 177
269 178
262 183
284 194
347 220
416 215
447 232
457 273
538 284
654 352
675 359
683 366
753 383
760 382
869 462
1015 398
973 525
1308 694
1327 711
1399 767
1584 825
1560 900
1829 1017
1935 969
1842 1116
1884 1096
1920 1092
2000 1184
2078 1242
2088 1237
2169 1307
2146 1339
2164 1336
2175 1357
2184 1349
2269 1323
2247 1397
2255 1413
2291 1393
2337 1383
2315 1409
2227 1554
2325 1463
2355 1504
2347 1516
2391 1521
2358 1682
2429 1613
2451 1633
2469 1642
2475 1659
2477 1695
2515 1690
2552 1698
2533 1718
2524 1796
2555 1799
2590 1776
2580 1794
2561 1833
2592 1789
2609 1782
2600 1817
2607 1804
2599 1865
2631 1828
2613 1849
2645 1885
2634 1917
2667 1876
2650 1950
2692 1921
2772 2116
2766 2173
2799 2111
2796 2195
2824 2105
1681010432 2064943595
1
sift 55
56 51
60 56
145 176
128 102
64 64
206 169
230 189
140 125
198 194
163 137
177 138
274 239
262 330
190 152
368 372
285 247
212 205
413 406
472 443
438 468
469 438
490 563
481 429
636 567
788 615
874 703
1484 922
1664 934
1685 962
1600 1023
1789 1024
1851 1008
2117 1070
2201 1169
2505 1123
2575 1181
2520 1212
2532 1229
2993 1138
2653 1211
2774 1196
2830 1195
2641 1265
2689 1259
2981 1186
2956 1255
3010 1270
3547 1240
3462 1272
3354 1300
3556 1260
3723 1251
3755 1248
4031 1403
4070 1411
1868875671 2004098830
1
sift 95
71 69
126 123
201 91
153 140
161 158
179 173
183 175
191 185
194 190
200 199
202 207
210 213
211 219
226 254
235 261
255 279
258 284
289 298
293 299
344 355
359 358
369 367
409 401
412 403
436 409
439 417
496 463
567 510
732 621
748 635
795 694
870 749
937 811
1005 868
1015 866
1039 846
1011 874
1013 914
1049 894
1063 912
1105 966
1111 960
1151 1044
1159 1046
1208 1113
1235 1104
1224 1133
1232 1145
1256 1185
1283 1173
1263 1202
1279 1198
1290 1219
1267 1264
1307 1233
1335 1270
1338 1277
1317 1352
1444 1217
1375 1361
1399 1357
1421 1353
1410 1375
1429 1358
1426 1387
1437 1434
1485 1437
1459 1457
1456 1470
1473 1484
1492 1481
1491 1486
1490 1491
1497 1502
1507 1490
1495 1512
1503 1530
1513 1507
1518 1506
1528 1568
1529 1570
1545 1585
1549 1583
1558 1590
1574 1647
1580 1642
1600 1645
1587 1862
1647 1807
1672 1846
1698 1814
1687 1834
1674 1861
1709 1819
1713 1908
1868875671 2064943595
1
sift 77
179 131
191 151
194 156
209 169
210 176
202 193
211 187
235 209
226 221
259 230
255 242
293 298
359 308
345 372
370 406
409 429
412 438
436 471
567 615
733 699
748 703
472 1129
795 733
870 804
937 843
1005 886
1015 904
1038 922
1049 915
1063 911
1105 933
1159 961
1151 965
1224 1010
1208 1025
1232 1019
1235 1023
1256 1047
1263 1053
1279 1060
1283 1070
1290 1078
1307 1074
1335 1100
1338 1105
1317 1162
1375 1138
1399 1117
1421 1123
1444 1161
1429 1181
1426 1210
1437 1211
1459 1186
1456 1194
1473 1217
1485 1212
1492 1229
1495 1238
1558 1196
1502 1250
1497 1260
1507 1251
1513 1240
1503 1272
1518 1265
1546 1254
1549 1283
1528 1300
1574 1285
1587 1290
1580 1328
1600 1326
1647 1403
1687 1411
1674 1422
1698 1413
1868875671 2101519230
1
sift 94
71 78
126 147
153 173
161 182
179 210
183 218
191 226
194 234
200 248
202 264
210 274
211 285
226 317
235 320
255 386
258 391
289 452
293 459
359 564
344 590
369 622
409 682
412 692
436 717
439 720
496 790
567 884
732 1068
748 1087
795 1126
870 1200
1013 1283
1005 1297
1011 1305
1015 1307
1064 1321
1049 1341
1038 1348
1063 1350
1105 1378
1111 1383
1151 1401
1159 1407
1208 1454
1223 1458
1235 1450
1232 1466
1274 1441
1256 1487
1263 1493
1267 1495
1283 1500
1279 1508
1290 1522
1307 1534
1317 1569
1335 1554
1338 1559
1375 1583
1399 1594
1426 1603
1421 1608
1429 1620
1437 1630
1444 1643
1459 1647
1485 1649
1473 1658
1456 1676
1490 1660
1491 1661
1497 1662
1558 1625
1495 1666
1507 1668
1492 1682
1513 1675
1518 1665
1503 1689
1529 1696
1528 1705
1545 1722
1549 1720
1563 1724
1587 1717
1574 1737
1600 1740
1580 1765
1647 1801
1698 1811
1687 1818
1672 1832
1674 1857
1713 1843
1868875671 2123400983
1
sift 85
487 288
71 77
126 127
153 141
161 145
191 177
194 178
210 183
200 194
226 216
235 231
255 273
289 282
293 284
344 358
359 352
369 367
409 384
412 382
439 396
431 430
496 463
568 525
748 694
733 900
795 766
870 826
1015 1017
937 1216
1013 1116
1038 1095
1063 1092
1105 1184
1049 1326
1151 1242
1159 1239
1208 1308
1224 1336
1235 1339
1232 1348
1256 1322
1263 1398
1279 1384
1267 1412
1290 1392
1283 1409
1307 1463
1335 1504
1338 1516
1399 1521
1317 1682
1375 1614
1444 1555
1410 1658
1429 1633
1421 1672
1558 1500
1426 1695
1437 1659
1473 1698
1485 1690
1459 1718
1456 1797
1503 1776
1492 1804
1497 1789
1495 1799
1507 1782
1502 1794
1513 1817
1518 1833
1549 1828
1528 1885
1546 1898
1529 1918
1587 1849
1574 1920
1600 1876
1648 2115
1687 2111
1672 2156
1674 2194
1698 2175
1709 2164
1707 2176
2004098830 2064943595
1
sift 79
123 104
173 131
190 156
211 167
214 169
213 176
206 194
219 187
199 239
260 208
253 222
279 242
299 298
321 339
358 308
356 372
368 406
400 430
403 438
409 471
462 529
509 616
622 699
635 703
693 732
687 796
749 804
811 843
867 885
866 904
846 921
893 916
912 911
966 933
1046 961
1042 967
1104 1023
1131 1008
1113 1025
1145 1019
1185 1047
1173 1070
1197 1059
1202 1053
1218 1079
1232 1075
1270 1100
1277 1105
1216 1160
1356 1118
1353 1123
1361 1138
1351 1163
1358 1181
1387 1210
1457 1186
1434 1211
1437 1212
1469 1195
1484 1217
1481 1229
1490 1251
1590 1196
1500 1248
1511 1237
1504 1250
1502 1260
1506 1265
1530 1272
1584 1254
1568 1300
1630 1297
1641 1329
1644 1327
1862 1290
1806 1404
1814 1413
1833 1410
1859 1420
2004098830 2101519230
1
sift 98
68 77
122 149
140 173
158 182
173 210
175 218
185 226
190 234
199 248
206 265
211 272
214 267
213 274
219 285
253 316
260 321
283 390
296 454
299 459
321 503
355 590
367 622
400 681
403 692
409 717
417 720
462 791
509 883
621 1068
635 1087
693 1125
749 1200
687 1321
867 1296
866 1307
873 1304
846 1349
913 1284
893 1342
912 1350
966 1378
960 1383
1042 1402
1046 1407
1104 1450
1113 1454
1131 1455
1145 1466
1185 1487
1173 1500
1202 1493
1197 1507
1218 1521
1263 1494
1232 1535
1270 1554
1277 1559
1216 1642
1351 1570
1361 1583
1356 1593
1353 1608
1387 1603
1358 1620
1382 1613
1392 1614
1375 1619
1434 1630
1437 1649
1457 1647
1484 1658
1486 1661
1491 1660
1469 1677
1590 1625
1490 1668
1502 1662
1506 1665
1504 1671
1481 1682
1511 1667
1500 1680
1530 1689
1570 1696
1568 1705
1584 1721
1630 1724
1644 1739
1641 1764
1686 1778
1862 1717
1806 1800
1814 1811
1833 1819
1845 1833
1867 1842
1859 1856
1908 1843
2004098830 2123400983
1
sift 83
68 76
122 128
140 141
158 145
185 177
190 178
213 183
199 194
211 191
214 220
253 215
260 232
279 273
296 281
299 284
358 352
355 358
367 367
400 383
403 382
417 396
462 462
509 525
635 694
693 767
622 900
749 826
687 1038
866 1017
846 1096
811 1216
912 1092
913 1117
966 1184
1042 1243
1046 1239
1113 1308
1104 1339
1131 1335
1135 1358
1145 1348
1185 1322
1197 1383
1173 1409
1202 1398
1218 1393
1263 1413
1232 1464
1216 1554
1270 1504
1277 1516
1356 1522
1361 1614
1358 1633
1353 1672
1351 1683
1590 1500
1387 1695
1434 1659
1437 1690
1484 1698
1457 1718
1469 1796
1490 1782
1481 1804
1502 1789
1504 1794
1530 1776
1511 1800
1506 1833
1500 1865
1568 1885
1584 1898
1570 1918
1644 1875
1646 1921
1862 1849
1806 2115
1833 2112
1819 2164
1814 2175
1845 2155
1859 2193
2043528686 2112039065
1
sift 606
145 133
5 7
19 21
164 150
34 35
35 37
193 182
73 71
54 39
240 277
102 92
52 47
286 272
103 97
59 48
428 365
116 106
67 49
686 613
142 130
63 56
543 513
179 140
60 63
186 137
58 68
559 511
158 160
81 51
189 168
85 60
552 545
194 170
90 83
198 187
98 100
570 561
214 186
114 114
227 196
134 101
537 669
219 207
125 109
230 205
128 111
496 773
232 221
127 117
250 214
149 113
690 649
258 227
152 126
270 209
157 123
791 677
260 235
136 154
271 243
166 156
815 698
268 251
170 155
277 247
183 148
760 763
272 264
162 158
295 269
180 159
854 714
275 282
174 185
311 268
195 176
802 947
299 271
184 206
349 261
202 181
868 865
321 285
211 210
306 289
224 198
980 1260
297 335
239 202
278 321
233 218
1266 961
342 308
253 199
330 293
231 223
1160 1088
375 303
255 217
344 294
256 219
1202 1196
390 320
235 246
352 313
267 234
1264 1187
388 328
310 208
381 327
317 242
1120 1854
385 330
290 276
420 319
288 280
1350 1697
398 342
301 300
410 392
334 275
1596 1599
447 338
319 298
452 402
327 305
1518 1680
409 433
283 344
499 356
335 304
2045 1225
538 341
355 287
450 439
363 306
1129 2704
519 423
353 318
483 424
365 322
1811 1598
503 449
316 432
491 453
404 337
1752 1723
497 461
416 347
606 459
414 355
1484 2099
508 456
427 352
608 495
400 400
1588 2066
534 451
415 386
594 534
429 369
1583 2176
459 577
488 359
610 526
472 374
1868 1936
558 503
443 419
656 622
437 427
2100 2483
676 623
475 398
735 595
434 462
2028 2685
882 530
515 399
660 767
521 405
2147 2574
777 598
462 450
923 753
382 550
2668 2151
847 795
498 440
894 788
581 361
2431 3512
967 756
487 457
897 824
511 442
2669 3201
1044 794
548 413
1206 728
456 537
2648 3417
1243 787
532 481
961 1280
516 494
2939 3482
1123 1065
597 418
1402 859
615 422
3045 3360
1169 1024
549 484
1299 949
525 516
3470 3435
1155 1120
584 472
991 1508
604 479
3366 3632
1159 1164
573 499
1172 1188
542 542
4016 3121
1324 1112
523 566
1088 1398
530 572
3655 3646
1302 1202
578 514
1482 1137
531 575
3729 3876
1489 1358
634 486
1528 1585
582 540
1267 1824
599 543
1682 1592
589 552
1654 1523
574 601
1770 1589
665 520
1618 1678
654 531
1537 1868
601 611
1793 1500
633 591
2603 1203
619 605
1718 1600
742 527
1945 1728
687 570
2202 1586
644 602
2161 1747
679 580
1805 2067
668 620
2269 1703
671 641
1996 2036
661 664
2175 1832
720 621
1949 2242
715 632
2216 1950
547 976
2249 2106
707 683
2062 2353
977 547
2467 2084
858 594
1992 2765
614 832
2000 2784
750 674
2695 2032
710 711
2273 2456
724 700
2166 2593
759 755
2333 2439
839 687
2462 2317
713 833
2196 2646
717 829
2221 2632
800 739
2295 2622
666 943
2578 2490
672 950
2464 2735
845 717
2963 2291
830 748
2758 2489
807 768
2581 2710
887 705
2108 3429
811 806
2863 2582
850 775
2968 2637
843 784
3354 2269
840 790
2843 2843
874 764
2601 3134
956 751
3242 2470
758 1041
2562 3204
866 844
2163 3997
926 811
2560 3562
753 1111
3292 2625
930 807
2787 3397
885 854
3593 2374
873 888
3000 3267
1080 735
2786 3196
910 860
2779 4101
805 1102
2895 3385
1130 776
3725 3008
1056 825
3674 2886
1249 740
2835 4190
990 880
3462 3262
797 1261
3480 3442
979 922
3223 4391
1005 908
3733 4241
1065 921
3740 3818
949 1106
3887 4423
935 1167
4065 3583
891 1295
1233 852
4044 3779
1250 914
927 1415
1138 1127
1081 1220
895 1765
1217 1084
1107 1235
1087 1293
1333 1072
1029 1501
1472 1013
1437 1058
1157 1322
1222 1219
1215 1241
1248 1211
1303 1201
1329 1263
1505 1159
1236 1388
1476 1192
1432 1247
1245 1456
1288 1393
1378 1323
1391 1336
1174 1705
2135 919
1481 1283
1242 1580
1321 1484
2005 982
1586 1256
1112 1895
1422 1427
1804 1144
1459 1397
1381 1593
1467 1473
1563 1407
1357 1691
1673 1350
1493 1539
1175 2005
1708 1351
1816 1259
1429 1666
1562 1552
1675 1446
1644 1594
1824 1371
1844 1376
1865 1373
1892 1365
1594 1740
1556 1791
1601 1773
1919 1424
1895 1480
1727 1762
2190 1327
1412 2165
1753 1764
1771 1769
1866 1672
1704 1851
1617 1980
1785 1815
1790 1809
1760 1903
2457 1359
1766 2007
1882 1830
1700 2121
2455 1462
2306 1575
1986 1811
2142 1709
1877 1945
1846 2008
1951 1913
1887 1998
1857 2052
1939 1999
1944 2025
2070 1885
1851 2197
2704 1517
1959 2068
2579 1636
1735 2537
1807 2379
2277 1840
2149 1947
1827 2403
1937 2213
2608 1679
2637 1713
2417 1844
1979 2289
2303 1967
2354 1933
2401 1896
2429 1882
2384 1918
1561 3184
2358 1975
2426 1941
2229 2098
1496 3403
2080 2275
2059 2342
2130 2260
1941 2613
2179 2253
2074 2435
2604 1935
2213 2287
2553 1990
2129 2418
2403 2128
3329 1549
2446 2140
2693 1968
2157 2502
2438 2198
2321 2349
2261 2427
2346 2348
1997 2881
2317 2437
2565 2199
2781 2050
2408 2444
2953 1981
2400 2481
2632 2219
2158 2831
2327 2662
2365 2636
2292 2802
2185 2932
2572 2478
2460 2680
2374 2838
2548 2624
3092 2088
2922 2247
2983 2202
2688 2514
2760 2450
2920 2356
2954 2320
2849 2429
2495 2828
2987 2327
2435 2936
2840 2540
2846 2541
3050 2352
3805 1847
2761 2774
3138 2399
2662 2898
2955 2618
2671 2943
3315 2259
3358 2230
3016 2648
3047 2757
3118 2661
3512 2277
3032 2824
2134 4065
2977 2897
3297 2560
3141 2796
3126 2864
2624 3427
2665 3382
2792 3299
3106 2974
3054 3026
3387 2700
2276 4174
3407 2691
2821 3341
2861 3300
2715 3514
3070 3159
3282 2980
2853 3542
3093 3222
2929 3475
3377 3006
3169 3195
3714 2760
3053 3513
2845 3912
3379 3242
3107 3682
3858 2958
2990 3990
3416 3400
2571 4478
3373 3551
2836 4385
3510 3368
3530 3353
3274 3762
3844 3141
3563 3486
3884 3236
3619 3555
4004 3181
3402 3960
3347 4146
3787 3525
3317 4303
3526 4033
3360 4334
3903 3598
3948 3602
3314 4440
3648 4079
3927 3746
3469 4408
3585 4327
3893 3934
3916 3966
3908 4113
3943 4049
3789 4296
3754 4367
3939 4274
3902 4404
4084 4353
2064943595 2101519230
1
sift 79
104 147
131 210
154 218
156 234
167 272
169 267
178 258
176 274
193 264
187 285
208 321
221 317
298 459
339 503
308 564
372 589
406 623
429 682
438 692
471 717
528 790
615 884
699 1067
703 1087
732 1125
804 1200
885 1296
882 1322
904 1307
911 1350
921 1349
933 1378
960 1408
965 1401
1008 1455
1022 1451
1024 1453
1019 1466
1027 1467
1047 1487
1052 1492
1059 1507
1069 1499
1078 1522
1074 1534
1162 1440
1100 1554
1104 1558
1117 1594
1137 1584
1122 1607
1181 1620
1210 1603
1160 1642
1200 1614
1196 1625
1186 1647
1211 1630
1212 1649
1194 1676
1217 1658
1229 1682
1237 1667
1240 1675
1251 1668
1250 1671
1260 1662
1248 1680
1265 1665
1272 1689
1283 1720
1290 1717
1300 1705
1285 1737
1326 1740
1377 1847
1413 1811
1410 1819
1420 1856
2064943595 2123400983
1
sift 76
59 77
104 127
156 178
176 183
167 191
178 199
169 220
188 203
221 216
208 232
298 284
308 352
372 359
406 366
429 384
438 382
449 398
528 463
703 694
732 767
804 826
799 836
882 1039
904 1017
843 1216
911 1092
921 1096
933 1184
960 1238
965 1242
1024 1307
1022 1338
1019 1348
1027 1357
1047 1322
1059 1383
1052 1397
1069 1408
1078 1392
1074 1463
1100 1504
1104 1515
1117 1521
1169 1490
1068 1819
1160 1554
1137 1613
1196 1500
1122 1673
1162 1682
1181 1633
1200 1642
1211 1659
1186 1718
1210 1695
1212 1690
1217 1698
1194 1797
1229 1804
1251 1782
1237 1800
1250 1794
1240 1817
1272 1776
1260 1789
1248 1865
1265 1833
1283 1828
1290 1849
1300 1885
1285 1920
1326 1876
1377 2105
1410 2112
1413 2175
1420 2193
2101519230 2123400983
1
sift 82
131 245
77 76
147 127
172 140
182 145
226 177
234 178
274 183
248 194
271 192
267 220
316 215
320 231
386 273
452 282
457 283
564 352
589 359
622 367
681 383
692 382
720 396
790 463
883 525
1087 694
1125 767
1199 825
1307 1017
1321 1038
1283 1116
1350 1092
1348 1095
1401 1242
1406 1237
1453 1307
1450 1339
1455 1335
1464 1347
1467 1357
1487 1322
1507 1383
1492 1397
1499 1408
1494 1413
1521 1393
1534 1463
1553 1505
1558 1515
1593 1522
1625 1500
1583 1614
1569 1682
1642 1554
1607 1673
1620 1633
1603 1695
1630 1659
1649 1690
1647 1718
1658 1698
1668 1782
1662 1789
1666 1799
1671 1794
1676 1797
1675 1817
1689 1776
1665 1833
1682 1804
1680 1865
1720 1828
1717 1849
1705 1885
1696 1918
1739 1875
1737 1920
1799 2117
1818 2111
1811 2175
1847 2105
1832 2156
1855 2195
