47946349 78449070 288479849 358114256 462772881 522045619 700605127 728276384 952202152 959960233 989322810 1033373473 1049723323 1054463537 1055060459 1157497499 1255052538 1271594661 1316868538 1328823821 1412190849 1455135940 1478884387 1559768425 1625282765 1642236225 1681010432 1868875671 2004098830 2043528686 2064943595 2101519230 2112039065 2123400983
78449070 288479849 358114256 462772881 522045619 700605127 728276384 952202152 959960233 989322810 1033373473 1049723323 1054463537 1055060459 1157497499 1255052538 1271594661 1316868538 1328823821 1412190849 1455135940 1478884387 1559768425 1625282765 1642236225 1681010432 1868875671 2004098830 2043528686 2064943595 2101519230 2112039065 2123400983
288479849 358114256 462772881 522045619 700605127 728276384 952202152 959960233 989322810 1033373473 1049723323 1054463537 1055060459 1157497499 1255052538 1271594661 1316868538 1328823821 1412190849 1455135940 1478884387 1559768425 1625282765 1642236225 1681010432 1868875671 2004098830 2043528686 2064943595 2101519230 2112039065 2123400983
358114256 462772881 522045619 700605127 728276384 952202152 959960233 989322810 1033373473 1049723323 1054463537 1055060459 1157497499 1255052538 1271594661 1316868538 1328823821 1412190849 1455135940 1478884387 1559768425 1625282765 1642236225 1681010432 1868875671 2004098830 2043528686 2064943595 2101519230 2112039065 2123400983
462772881 522045619 700605127 728276384 952202152 959960233 989322810 1033373473 1049723323 1054463537 1055060459 1157497499 1255052538 1271594661 1316868538 1328823821 1412190849 1455135940 1478884387 1559768425 1625282765 1642236225 1681010432 1868875671 2004098830 2043528686 2064943595 2101519230 2112039065 2123400983
522045619 700605127 728276384 952202152 959960233 989322810 1033373473 1049723323 1054463537 1055060459 1157497499 1255052538 1271594661 1316868538 1328823821 1412190849 1455135940 1478884387 1559768425 1625282765 1642236225 1681010432 1868875671 2004098830 2043528686 2064943595 2101519230 2112039065 2123400983
700605127 728276384 952202152 959960233 989322810 1033373473 1049723323 1054463537 1055060459 1157497499 1255052538 1271594661 1316868538 1328823821 1412190849 1455135940 1478884387 1559768425 1625282765 1642236225 1681010432 1868875671 2004098830 2043528686 2064943595 2101519230 2112039065 2123400983
728276384 952202152 959960233 989322810 1033373473 1049723323 1054463537 1055060459 1157497499 1255052538 1271594661 1316868538 1328823821 1412190849 1455135940 1478884387 1559768425 1625282765 1642236225 1681010432 1868875671 2004098830 2043528686 2064943595 2101519230 2112039065 2123400983
952202152 959960233 989322810 1033373473 1049723323 1054463537 1055060459 1157497499 1255052538 1271594661 1316868538 1328823821 1412190849 1455135940 1478884387 1559768425 1625282765 1642236225 1681010432 1868875671 2004098830 2043528686 2064943595 2101519230 2112039065 2123400983
959960233 989322810 1033373473 1049723323 1054463537 1055060459 1157497499 1255052538 1271594661 1316868538 1328823821 1412190849 1455135940 1478884387 1559768425 1625282765 1642236225 1681010432 1868875671 2004098830 2043528686 2064943595 2101519230 2112039065 2123400983
989322810 1033373473 1049723323 1054463537 1055060459 1157497499 1255052538 1271594661 1316868538 1328823821 1412190849 1455135940 1478884387 1559768425 1625282765 1642236225 1681010432 1868875671 2004098830 2043528686 2064943595 2101519230 2112039065 2123400983
1033373473 1049723323 1054463537 1055060459 1157497499 1255052538 1271594661 1316868538 1328823821 1412190849 1455135940 1478884387 1559768425 1625282765 1642236225 1681010432 1868875671 2004098830 2043528686 2064943595 2101519230 2112039065 2123400983
1049723323 1054463537 1055060459 1157497499 1255052538 1271594661 1316868538 1328823821 1412190849 1455135940 1478884387 1559768425 1625282765 1642236225 1681010432 1868875671 2004098830 2043528686 2064943595 2101519230 2112039065 2123400983
1054463537 1055060459 1157497499 1255052538 1271594661 1316868538 1328823821 1412190849 1455135940 1478884387 1559768425 1625282765 1642236225 1681010432 1868875671 2004098830 2043528686 2064943595 2101519230 2112039065 2123400983
1055060459 1157497499 1255052538 1271594661 1316868538 1328823821 1412190849 1455135940 1478884387 1559768425 1625282765 1642236225 1681010432 1868875671 2004098830 2043528686 2064943595 2101519230 2112039065 2123400983
1157497499 1255052538 1271594661 1316868538 1328823821 1412190849 1455135940 1478884387 1559768425 1625282765 1642236225 1681010432 1868875671 2004098830 2043528686 2064943595 2101519230 2112039065 2123400983
1255052538 1271594661 1316868538 1328823821 1412190849 1455135940 1478884387 1559768425 1625282765 1642236225 1681010432 1868875671 2004098830 2043528686 2064943595 2101519230 2112039065 2123400983
1271594661 1316868538 1328823821 1412190849 1455135940 1478884387 1559768425 1625282765 1642236225 1681010432 1868875671 2004098830 2043528686 2064943595 2101519230 2112039065 2123400983
1316868538 1328823821 1412190849 1455135940 1478884387 1559768425 1625282765 1642236225 1681010432 1868875671 2004098830 2043528686 2064943595 2101519230 2112039065 2123400983
1328823821 1412190849 1455135940 1478884387 1559768425 1625282765 1642236225 1681010432 1868875671 2004098830 2043528686 2064943595 2101519230 2112039065 2123400983
1412190849 1455135940 1478884387 1559768425 1625282765 1642236225 1681010432 1868875671 2004098830 2043528686 2064943595 2101519230 2112039065 2123400983
1455135940 1478884387 1559768425 1625282765 1642236225 1681010432 1868875671 2004098830 2043528686 2064943595 2101519230 2112039065 2123400983
1478884387 1559768425 1625282765 1642236225 1681010432 1868875671 2004098830 2043528686 2064943595 2101519230 2112039065 2123400983
1559768425 1625282765 1642236225 1681010432 1868875671 2004098830 2043528686 2064943595 2101519230 2112039065 2123400983
1625282765 1642236225 1681010432 1868875671 2004098830 2043528686 2064943595 2101519230 2112039065 2123400983
1642236225 1681010432 1868875671 2004098830 2043528686 2064943595 2101519230 2112039065 2123400983
1681010432 1868875671 2004098830 2043528686 2064943595 2101519230 2112039065 2123400983
1868875671 2004098830 2043528686 2064943595 2101519230 2112039065 2123400983
2004098830 2043528686 2064943595 2101519230 2112039065 2123400983
2043528686 2064943595 2101519230 2112039065 2123400983
2064943595 2101519230 2112039065 2123400983
2101519230 2112039065 2123400983
2112039065 2123400983
